450 17809    
2
3
4
5
6
7
8
9
10
11
12
13
14
15
27
55
59
92
99
100
101
110
113
115
118
119
138
139
145
147
153
154
157
160
163
165
190
198
205
208
209
290
292
294
377
378
380
382
383
388
389
391
392
394
395
396
421
423
425
427
428
430
432
433
434
435
439
442
443
444
449
450
3
4
5
6
7
8
9
10
11
12
13
14
15
18
21
22
25
30
47
50
54
60
91
94
99
102
103
106
107
108
109
111
114
115
117
118
119
147
151
153
158
159
164
165
185
187
188
192
195
205
210
287
290
291
297
298
299
376
379
380
386
389
390
396
404
421
426
427
428
433
434
438
439
441
443
450
4
5
6
7
8
9
10
11
12
13
14
15
17
21
26
47
92
94
96
97
98
99
101
103
105
109
111
112
113
116
117
119
120
136
137
149
151
152
156
157
159
160
162
163
181
189
197
198
210
286
287
295
299
378
381
387
389
421
422
423
425
426
427
433
434
436
439
440
442
444
446
448
5
6
7
8
9
10
11
12
13
14
15
18
19
29
30
46
55
56
59
95
96
98
100
101
103
105
106
107
110
112
113
116
117
118
137
141
142
144
147
155
158
160
183
184
190
194
195
200
205
206
208
286
287
289
298
381
386
389
390
396
403
421
424
425
426
427
428
430
431
435
437
438
439
443
445
446
448
6
7
8
9
10
11
12
13
14
15
20
21
30
46
47
48
49
50
55
94
95
96
97
98
99
100
101
102
106
107
111
112
113
114
116
117
120
139
143
146
147
148
150
154
155
157
158
160
162
164
185
191
205
290
292
384
385
389
392
393
398
399
400
404
422
423
424
425
426
427
431
432
435
438
440
442
444
450
7
8
9
10
11
12
13
14
15
19
27
48
50
51
58
60
93
97
100
101
102
104
106
108
110
112
114
116
117
118
147
154
157
158
161
162
165
181
185
187
193
195
198
207
208
210
287
288
290
294
300
376
379
384
385
386
394
395
422
424
425
428
429
432
439
440
441
443
450
8
9
10
11
12
13
14
15
16
17
21
22
23
24
28
47
53
60
91
92
96
98
100
101
102
109
111
116
117
119
120
140
145
148
149
150
151
152
156
161
163
165
183
184
185
186
191
202
204
206
208
210
286
287
291
295
297
298
299
377
387
391
392
396
400
401
404
405
421
422
423
427
433
437
439
440
446
448
450
9
10
11
12
13
14
15
17
19
24
25
27
28
47
48
52
57
58
91
93
99
101
102
103
104
110
111
116
117
119
120
138
142
144
147
149
153
154
156
159
163
164
186
188
190
198
201
204
209
298
383
385
388
389
392
394
402
423
424
425
427
430
434
435
437
438
440
442
444
445
446
450
10
11
12
13
14
15
17
19
23
29
49
50
52
53
57
60
92
94
95
100
105
111
112
119
138
145
149
151
152
153
154
155
156
157
159
160
162
182
183
189
190
193
194
199
200
201
206
209
289
379
382
383
389
393
397
399
400
404
422
425
427
429
433
434
435
436
442
444
445
446
447
448
11
12
13
14
15
23
24
25
26
55
57
59
91
92
98
100
102
103
104
105
106
107
109
110
113
115
116
119
120
136
141
145
149
151
155
156
157
159
161
183
185
186
188
192
200
203
206
286
290
292
294
297
300
379
380
388
393
397
398
399
402
403
421
422
423
427
429
437
446
449
12
13
14
15
17
18
21
46
49
51
92
93
97
105
106
107
110
114
117
120
136
137
142
143
144
152
154
164
181
182
189
192
197
198
200
201
208
286
288
296
388
397
398
402
421
423
429
430
432
434
435
436
437
439
442
443
444
446
448
449
13
14
15
16
19
52
54
59
60
94
97
98
102
103
106
108
109
113
115
116
117
119
137
138
141
142
146
148
151
153
154
159
160
162
164
189
190
193
195
198
199
200
202
207
289
291
297
298
377
378
382
383
393
394
395
402
405
431
435
442
443
444
445
447
448
449
14
15
17
22
24
28
46
60
93
97
98
99
100
102
103
104
105
106
115
120
139
140
145
151
153
154
156
158
160
161
162
165
183
191
194
205
207
290
295
296
376
378
381
385
392
395
396
400
421
423
425
428
431
433
435
438
441
442
444
446
447
450
15
16
18
21
27
29
48
49
51
57
92
94
95
99
100
102
104
107
116
118
119
146
152
157
158
159
162
164
183
188
199
202
203
205
206
288
290
292
293
300
382
383
388
389
391
397
398
421
423
425
426
427
431
432
436
438
441
442
444
447
448
449
450
17
23
29
52
54
55
59
91
97
100
102
103
108
112
113
114
116
117
118
120
138
142
144
150
153
157
158
160
161
162
164
185
186
188
193
196
199
207
209
295
299
378
396
397
401
421
424
427
428
432
439
443
445
448
450
17
18
19
20
21
22
23
24
25
26
27
28
29
30
31
33
35
36
41
42
43
44
45
64
69
73
75
107
115
119
120
154
155
156
157
158
160
162
164
165
166
168
169
170
173
178
181
182
185
187
190
191
192
195
212
218
221
222
224
237
238
258
288
291
292
301
302
303
308
309
311
312
314
318
319
323
324
325
392
405
406
411
413
416
420
18
19
20
21
22
23
24
25
26
27
28
29
30
32
37
40
45
65
67
69
72
75
106
113
117
118
154
155
156
157
159
163
170
171
172
173
174
175
181
183
187
216
218
221
224
227
228
229
231
232
233
234
235
257
259
261
264
269
270
295
300
304
306
309
310
311
314
315
329
393
399
405
411
413
19
20
21
22
23
24
25
26
27
28
29
30
44
67
70
73
74
119
151
152
153
154
155
156
157
161
162
165
167
168
169
170
171
172
178
180
185
187
195
211
215
224
226
227
228
230
231
236
239
240
257
263
264
267
293
294
303
304
307
308
322
323
324
326
327
330
394
396
400
401
402
403
409
410
413
417
20
21
22
23
24
25
26
27
28
29
30
32
38
41
68
111
114
116
117
152
153
155
157
158
161
162
163
164
165
171
172
176
179
180
182
189
190
219
221
222
226
228
230
232
234
235
238
240
258
266
270
286
290
291
293
294
298
301
304
307
308
309
315
316
318
326
329
391
393
394
399
402
405
408
411
413
417
418
21
22
23
24
25
26
27
28
29
30
31
32
33
35
36
43
45
63
65
68
69
71
73
113
116
118
151
152
153
154
155
157
159
161
163
164
166
171
172
177
179
187
188
191
194
213
214
218
219
222
228
231
234
235
236
237
240
256
258
259
263
264
266
290
292
301
302
303
306
308
309
310
314
315
319
321
325
326
328
393
395
399
400
411
419
22
23
24
25
26
27
28
29
30
34
38
40
43
61
69
73
110
111
113
114
119
151
153
155
156
157
160
161
162
164
165
168
172
174
175
179
181
191
214
218
226
229
234
235
238
239
257
259
260
263
269
286
288
289
291
295
299
300
301
303
304
307
308
309
310
311
313
318
321
326
391
393
405
406
415
416
417
23
24
25
26
27
28
29
30
31
34
35
42
43
61
110
111
112
117
119
154
155
156
157
160
161
162
163
164
167
168
169
171
172
175
177
178
180
185
187
191
192
215
216
219
220
231
232
233
236
267
268
295
296
298
304
305
306
310
311
312
313
315
316
319
322
327
392
393
396
418
24
25
26
27
28
29
30
31
62
63
67
71
74
110
151
154
157
160
161
162
163
165
167
169
173
177
179
180
187
188
190
192
195
211
215
220
221
225
226
227
230
231
237
263
265
268
301
303
310
314
316
319
329
393
395
396
398
399
406
410
411
412
413
414
420
25
26
27
28
29
30
33
35
37
39
45
61
72
107
108
109
113
116
151
152
154
155
156
157
158
159
160
161
163
164
166
171
174
175
177
180
182
184
186
189
215
218
220
226
227
228
229
232
233
235
236
237
239
261
268
269
287
290
295
296
301
305
306
313
316
320
322
325
328
329
395
397
398
400
413
417
26
27
28
29
30
31
35
39
45
61
66
69
73
107
113
115
118
151
152
153
154
156
158
159
166
167
169
172
175
176
177
185
223
228
231
232
237
238
240
256
258
259
301
303
305
306
308
310
312
313
316
317
320
325
327
328
400
402
404
405
407
408
410
412
417
27
28
29
30
32
39
41
63
66
73
106
107
119
151
153
154
157
158
160
161
163
164
165
166
168
169
170
172
173
176
179
181
183
187
188
212
218
222
223
225
226
231
234
236
237
240
260
262
266
269
270
286
289
291
292
293
298
299
300
301
303
304
306
308
310
312
315
316
318
319
320
323
392
394
401
402
409
415
417
28
29
30
36
44
64
65
67
69
72
109
110
111
112
119
151
156
157
158
161
164
165
166
175
177
182
185
190
193
219
221
224
228
229
231
237
240
258
261
267
291
296
299
303
305
306
311
312
313
323
405
410
413
414
420
29
30
35
44
62
64
68
72
73
75
110
114
118
119
120
151
154
155
156
158
159
163
166
168
169
171
174
177
178
180
182
184
211
214
215
216
217
219
222
226
231
234
239
240
260
262
265
268
290
291
293
296
297
299
301
303
305
311
312
313
314
315
329
391
394
399
405
407
409
412
415
420
30
39
40
64
66
69
74
106
107
112
119
151
152
156
157
158
160
161
162
163
166
167
170
171
173
176
181
188
189
194
216
217
221
228
230
232
234
235
236
238
261
266
267
287
294
295
298
299
301
303
305
309
311
312
314
324
326
328
392
393
409
411
412
413
417
420
31
37
44
45
66
70
72
107
119
120
151
152
154
158
160
161
163
164
167
173
175
176
179
182
183
184
189
190
214
219
220
226
230
231
232
233
236
237
238
239
240
257
260
261
265
266
287
288
291
292
296
305
312
313
314
316
321
324
391
392
397
398
403
414
32
33
34
35
36
37
38
39
40
41
42
43
44
45
48
57
59
108
110
112
123
127
151
153
154
158
159
160
165
168
178
182
183
184
189
191
193
195
198
200
201
205
208
210
211
213
219
222
226
236
237
260
263
270
286
289
296
298
350
356
357
358
364
374
392
394
402
404
406
407
408
409
411
413
414
417
418
421
422
426
427
428
432
433
434
436
450
33
34
35
36
37
38
39
40
41
42
43
44
45
46
49
52
53
54
57
107
112
114
125
126
132
151
157
159
161
165
168
172
175
179
183
187
188
189
190
192
193
194
198
199
202
207
208
209
211
221
228
230
236
288
292
297
300
347
362
365
369
371
374
392
393
394
395
398
400
407
410
412
413
414
419
425
427
428
434
435
436
437
445
34
35
36
37
38
39
40
41
42
43
44
45
50
53
56
108
117
121
123
125
126
128
131
132
133
151
153
154
157
160
168
170
172
175
177
182
183
184
187
188
190
191
193
198
201
205
207
209
210
213
216
224
229
230
233
235
262
287
294
299
357
358
359
360
361
367
375
395
407
412
415
421
422
424
428
432
437
445
35
36
37
38
39
40
41
42
43
44
45
47
50
53
59
109
111
114
120
123
124
153
155
160
162
164
165
171
172
173
176
181
184
191
194
196
197
198
199
203
204
208
212
214
216
224
225
232
234
239
258
289
297
299
351
353
357
372
373
391
405
406
410
414
415
416
418
420
425
426
428
429
431
432
433
435
436
438
445
446
448
36
37
38
39
40
41
42
43
44
45
56
60
108
110
113
115
118
128
134
151
154
158
159
160
161
163
165
168
171
182
188
191
193
194
195
197
198
199
201
202
203
205
206
209
210
219
221
222
223
231
238
257
260
261
262
288
290
292
293
294
347
348
352
353
357
361
371
372
373
375
391
392
393
398
403
405
410
411
414
416
418
421
424
426
428
430
432
433
438
440
442
444
450
37
38
39
40
41
42
43
44
45
47
48
51
52
54
55
58
60
107
112
113
118
128
130
151
155
156
158
160
161
164
168
169
171
173
181
182
183
184
185
186
188
189
193
194
195
197
199
200
205
207
211
216
217
221
224
229
230
231
234
287
297
298
299
347
360
368
372
375
391
394
395
396
407
409
412
413
415
416
417
421
425
426
427
432
435
447
38
39
40
41
42
43
44
45
47
49
53
56
107
109
112
113
115
118
121
127
129
130
133
156
157
158
160
161
167
169
170
172
173
176
180
183
184
186
189
192
195
196
197
198
210
222
226
227
230
233
237
262
287
290
292
294
296
297
299
354
361
368
369
375
396
400
404
406
407
410
411
413
414
417
419
421
422
425
426
432
433
434
436
437
438
439
442
443
448
39
40
41
42
43
44
45
56
108
109
111
116
117
118
121
126
130
135
151
152
153
155
156
158
159
160
161
162
171
172
173
181
182
185
189
194
195
196
197
199
201
203
204
207
208
209
210
212
215
218
225
226
230
231
233
238
240
263
288
291
292
294
299
346
357
359
364
366
369
374
375
391
394
398
408
410
416
418
419
420
422
424
430
431
432
434
435
439
443
445
40
41
42
43
44
45
46
51
113
114
115
126
130
135
153
156
158
159
160
162
167
169
176
178
179
182
184
186
187
188
189
194
197
198
204
209
210
215
220
223
236
239
256
268
289
293
350
351
353
358
372
392
393
394
406
408
409
412
414
418
419
420
424
425
426
427
432
433
434
435
438
447
449
41
42
43
44
45
47
106
109
117
127
133
151
152
153
154
156
158
161
162
172
178
179
181
189
191
193
196
197
202
204
205
206
207
212
213
214
226
227
230
232
239
256
286
291
293
348
350
351
357
362
367
372
374
392
397
401
405
410
411
412
416
418
420
424
426
427
430
431
432
435
438
439
446
449
42
43
44
45
47
52
54
112
121
128
152
155
156
157
158
161
163
167
168
169
171
177
181
185
186
187
188
189
193
196
197
198
205
210
212
213
214
219
220
221
226
232
240
258
260
290
292
295
346
349
354
356
359
365
366
368
373
392
394
399
400
401
406
407
410
411
413
414
416
420
422
424
426
427
433
436
441
443
448
450
43
44
45
48
54
55
58
111
113
115
117
123
125
127
128
134
135
154
156
157
160
163
164
167
170
173
183
187
188
191
194
196
197
203
204
207
209
210
213
222
225
227
229
230
231
232
234
236
237
262
263
269
296
346
348
352
354
357
359
365
367
369
371
394
399
400
406
408
409
413
420
427
429
433
434
436
441
450
44
45
46
48
52
53
56
108
111
118
120
124
131
132
134
151
157
172
173
178
181
185
188
192
193
195
196
197
199
201
205
206
209
215
218
219
221
222
237
270
287
289
294
299
348
350
351
353
355
359
363
364
365
391
392
395
403
404
405
406
408
409
415
416
417
418
422
426
428
429
430
431
432
435
437
438
440
45
48
51
54
56
57
109
112
113
116
117
123
124
131
132
133
135
151
152
153
154
156
157
158
159
163
171
175
176
181
182
183
185
186
187
190
191
192
193
195
197
200
201
203
205
211
212
213
222
223
227
236
239
261
268
289
291
292
295
297
346
349
352
358
359
367
369
373
392
404
405
407
409
411
413
414
416
417
419
420
422
424
429
430
431
434
435
436
437
441
443
447
448
48
53
56
57
59
110
111
114
121
122
125
127
129
152
157
159
160
164
172
173
179
184
185
186
192
194
197
199
203
204
206
209
216
217
225
228
232
235
238
293
296
297
348
354
359
362
365
366
367
368
370
373
374
392
395
399
407
408
409
410
411
413
414
416
417
420
421
423
426
429
430
432
434
437
439
442
444
47
48
49
50
51
52
53
54
55
56
57
58
59
60
64
69
70
166
167
169
174
179
180
184
187
193
227
228
232
239
241
243
249
253
257
258
263
265
266
267
270
271
273
276
277
279
280
282
285
319
320
321
322
323
329
330
365
369
372
375
422
423
435
440
441
48
49
50
51
52
53
54
55
56
57
58
59
60
61
62
68
71
72
151
154
157
160
165
167
172
174
176
178
179
183
185
186
193
194
195
239
242
243
246
248
258
259
262
264
266
267
270
271
272
275
276
277
279
280
317
320
322
326
330
362
363
364
372
374
375
421
425
427
428
432
439
440
444
447
448
450
49
50
51
52
53
54
55
56
57
58
59
60
61
67
74
151
152
153
154
169
174
178
179
182
187
188
189
194
226
228
236
238
239
251
252
253
261
263
265
269
271
274
275
277
279
283
284
285
319
321
323
329
361
363
373
375
424
428
430
443
444
446
447
448
450
50
51
52
53
54
55
56
57
58
59
60
61
62
70
153
154
155
160
170
182
184
188
189
190
191
228
233
238
240
247
251
255
258
259
264
265
267
269
270
271
273
274
275
277
280
281
283
316
317
324
326
327
329
361
363
426
428
431
441
444
446
447
449
51
52
53
54
55
56
57
58
59
60
64
65
68
69
71
152
156
157
158
159
160
168
170
176
183
188
193
226
228
231
236
238
244
249
254
256
258
262
266
271
275
276
277
278
279
280
282
283
284
285
318
321
324
329
361
365
371
424
431
432
433
434
438
440
442
443
449
52
53
54
55
56
57
58
59
60
63
64
65
69
70
71
165
166
167
170
179
181
183
187
188
190
192
227
231
240
242
247
254
255
261
263
265
268
269
270
277
279
285
316
319
325
327
364
367
370
372
424
434
435
437
438
439
440
445
447
449
53
54
55
56
57
58
59
60
61
62
63
70
154
158
159
160
163
165
166
179
190
195
226
235
238
240
244
248
256
257
260
261
262
264
265
266
268
269
274
275
277
279
280
281
282
284
366
367
370
371
373
422
428
435
446
54
55
56
57
58
59
60
73
74
151
152
153
154
167
173
175
180
182
188
189
190
229
230
241
245
249
252
253
261
262
263
267
273
276
279
322
368
370
373
425
426
427
429
430
431
439
442
445
448
55
56
57
58
59
60
68
71
72
75
152
154
158
167
172
183
187
189
192
228
237
238
239
242
245
248
250
251
256
257
258
270
273
274
278
280
282
284
316
317
319
330
361
362
367
371
423
432
433
435
437
438
441
56
57
58
59
60
63
70
152
161
163
164
166
169
173
177
178
179
185
187
192
226
227
229
230
234
237
240
246
251
254
255
256
257
259
260
262
265
266
267
268
269
270
273
277
280
281
318
319
320
323
326
366
369
371
422
423
424
429
432
434
445
450
57
58
59
60
63
64
67
154
158
164
167
171
174
180
185
226
227
232
239
244
245
248
249
253
258
260
262
263
264
266
269
270
274
275
276
277
279
284
285
316
319
326
329
362
363
373
433
436
443
444
445
58
59
60
152
159
160
161
162
165
169
170
172
173
174
175
176
184
185
186
232
242
244
247
251
254
256
257
259
260
261
262
263
265
266
268
269
274
275
276
277
285
325
328
329
367
374
424
426
435
450
59
60
61
63
66
69
70
72
75
156
163
164
177
179
181
182
227
231
236
242
246
249
255
257
262
265
267
271
274
276
277
278
279
326
327
329
361
363
364
368
369
373
375
425
427
430
431
438
448
60
63
65
74
153
156
159
165
167
169
170
176
182
186
187
189
190
191
230
232
243
246
252
255
256
257
259
260
267
271
274
276
284
285
325
362
372
374
375
424
436
438
439
440
442
62
64
66
67
68
69
152
158
161
173
181
195
228
229
232
235
236
237
239
248
265
266
270
271
272
273
274
277
281
284
285
317
321
326
327
329
366
368
421
424
426
427
431
433
441
443
448
62
63
64
65
66
67
68
69
70
71
72
73
74
75
77
78
83
89
101
123
125
128
134
197
201
203
205
206
209
210
226
227
228
229
230
231
236
239
240
246
248
249
250
254
256
257
260
261
263
264
265
266
269
304
306
307
310
336
339
425
436
437
438
439
443
447
448
450
63
64
65
66
67
68
69
70
71
72
73
74
75
77
78
81
85
86
92
97
99
126
128
133
199
201
202
203
209
210
226
230
231
232
233
234
235
236
241
242
243
245
247
248
250
251
252
254
256
258
263
264
267
268
269
270
302
305
309
312
315
334
335
338
421
432
438
442
443
444
445
447
448
64
65
66
67
68
69
70
71
72
73
74
75
77
79
80
81
83
88
89
90
91
94
95
96
100
122
126
134
196
200
205
207
208
227
228
229
231
232
234
236
237
238
243
244
248
249
253
256
257
258
260
263
264
265
266
267
270
306
309
313
314
315
333
338
339
341
423
430
433
434
438
439
440
445
446
448
449
450
65
66
67
68
69
70
71
72
73
74
75
76
77
81
84
88
93
94
96
97
98
100
104
122
130
133
134
196
197
200
202
205
206
207
209
210
229
233
234
235
237
238
239
242
243
244
247
248
249
250
251
252
253
256
257
259
262
263
264
266
267
268
269
270
312
334
344
423
427
428
443
446
66
67
68
69
70
71
72
73
74
75
76
78
87
89
100
101
102
104
121
123
126
128
129
132
196
200
201
202
206
208
210
227
230
231
234
236
239
240
243
244
246
248
255
257
259
261
263
264
268
270
334
336
337
340
428
431
435
436
438
441
443
447
449
67
68
69
70
71
72
73
74
75
76
80
81
83
84
85
87
89
96
100
105
121
123
125
132
196
197
204
205
206
208
226
229
231
235
236
237
238
239
240
246
247
249
250
253
256
258
260
261
263
264
265
266
269
301
302
309
310
331
332
341
345
426
428
430
431
434
437
439
440
441
442
447
449
68
69
70
71
72
73
74
75
78
80
83
87
89
90
92
104
121
128
131
198
206
208
209
227
228
231
241
243
244
245
246
247
248
250
251
255
256
257
260
261
265
266
268
270
301
308
310
314
335
336
337
339
340
342
421
423
425
429
432
435
437
442
444
446
448
449
450
69
70
71
72
73
74
75
77
78
84
85
90
102
103
104
105
125
127
133
134
196
197
198
199
202
204
207
208
210
227
229
235
237
238
239
241
243
245
249
255
256
258
260
261
262
264
266
267
268
270
301
303
304
306
314
334
338
339
340
423
426
428
429
433
437
439
440
442
443
448
450
70
71
72
73
74
75
76
78
79
80
81
83
86
94
95
100
101
102
124
125
133
196
198
199
203
205
207
210
228
231
232
237
241
246
249
252
254
256
258
264
267
268
269
270
302
306
309
312
331
332
333
335
336
343
423
427
429
431
432
434
435
436
439
440
441
443
446
448
450
71
72
73
74
75
76
77
78
79
80
81
83
84
85
86
87
88
90
92
93
98
103
129
135
197
200
206
208
210
229
232
237
238
241
242
245
249
251
252
253
256
257
258
259
260
262
263
267
269
305
308
311
315
331
335
336
338
422
435
436
444
445
446
447
72
73
74
75
76
77
86
87
88
93
96
125
126
132
133
134
197
198
200
202
206
210
228
230
233
236
237
238
240
241
244
246
248
249
251
253
254
256
257
258
260
261
262
263
268
269
270
302
307
310
311
312
313
334
335
345
421
426
429
432
435
436
437
440
442
444
445
446
447
449
73
74
75
76
77
81
87
88
89
93
102
125
128
134
196
197
201
202
203
210
227
228
230
236
238
239
242
243
247
248
249
250
252
254
256
258
261
262
263
267
268
270
308
313
332
333
334
338
432
435
436
437
438
441
442
444
445
447
448
449
450
74
75
78
79
80
81
84
87
89
90
91
93
96
99
100
102
103
105
123
129
131
198
199
202
205
206
207
209
227
228
229
230
232
234
235
236
240
241
245
248
249
250
252
253
256
258
264
265
266
269
304
305
340
423
427
431
432
442
446
447
449
450
75
77
78
79
84
85
88
93
94
96
102
122
123
124
127
196
198
199
202
208
210
228
230
231
234
240
244
247
251
255
256
260
262
263
264
265
266
268
301
303
306
307
315
331
337
339
341
343
344
426
427
430
434
436
438
442
446
450
76
77
78
80
83
84
85
87
89
90
92
94
122
127
129
130
131
196
197
199
200
201
203
210
226
229
231
232
235
238
242
247
250
252
254
255
258
259
260
262
263
265
266
269
301
303
306
311
312
333
337
344
421
428
434
436
439
450
77
78
79
80
81
82
83
84
85
86
87
88
89
90
154
155
157
168
171
180
185
186
189
193
196
200
201
204
206
209
319
321
323
347
349
357
363
364
365
367
368
369
371
372
373
378
384
385
390
414
419
420
436
442
443
444
447
448
78
79
80
81
82
83
84
85
86
87
88
89
90
151
153
158
161
165
170
174
177
181
186
190
191
192
195
196
197
201
204
206
207
208
316
317
318
319
320
328
346
349
350
352
357
359
364
366
369
371
372
374
375
376
377
378
380
384
386
387
389
390
406
408
410
413
420
438
439
79
80
81
82
83
84
85
86
87
88
89
90
161
164
165
179
183
184
191
192
194
196
197
198
199
200
201
202
206
208
316
326
327
328
348
352
360
362
365
366
372
373
374
377
379
383
386
388
416
420
436
446
447
80
81
82
83
84
85
86
87
88
89
90
163
165
169
170
179
180
182
187
188
197
198
199
202
204
208
209
210
325
328
348
349
350
355
358
361
365
367
369
374
376
381
383
385
390
413
418
437
439
442
448
449
81
82
83
84
85
86
87
88
89
90
153
155
157
159
161
165
166
172
176
181
182
185
186
192
196
200
202
203
206
209
317
322
324
326
327
328
353
354
355
360
362
364
366
370
371
372
375
376
377
379
381
382
383
384
390
414
417
436
437
444
448
449
82
83
84
85
86
87
88
89
90
154
155
159
160
164
173
175
183
188
191
194
196
198
199
204
205
208
210
319
324
326
346
347
351
356
360
361
362
363
370
372
376
378
380
382
385
386
408
409
412
419
444
447
83
84
85
86
87
88
89
90
152
156
177
179
183
184
185
191
193
197
203
204
208
210
324
325
346
355
362
366
367
368
371
374
377
382
383
386
387
389
413
414
418
420
443
445
84
85
86
87
88
89
90
154
155
162
163
165
169
176
178
179
184
188
189
195
197
198
199
201
204
205
206
208
209
321
323
324
328
346
358
364
368
370
372
373
376
378
379
380
381
383
384
385
386
388
389
407
412
414
419
436
442
444
447
450
85
86
87
88
89
90
155
161
162
164
166
169
170
174
175
176
177
180
184
197
201
203
206
208
210
326
349
351
352
356
357
362
363
364
365
369
370
371
373
377
379
380
383
384
385
386
388
389
414
415
417
420
436
440
449
86
87
88
89
90
153
155
156
157
166
168
169
173
175
176
185
192
195
196
199
205
206
319
320
326
329
346
358
361
364
365
366
367
368
369
373
374
377
378
383
385
386
390
406
413
416
417
418
437
439
440
444
447
87
88
89
90
151
152
159
160
168
169
175
177
183
192
193
196
197
198
199
200
202
207
318
325
346
348
355
358
359
360
362
365
367
368
370
371
373
378
381
383
384
385
386
387
390
407
408
409
412
414
415
416
420
436
440
444
88
89
90
152
155
157
159
163
171
181
183
188
189
198
201
202
203
204
209
316
317
318
321
322
330
346
362
364
365
367
368
373
377
378
380
384
386
389
412
418
438
443
445
449
89
90
156
159
165
168
171
176
177
179
189
192
196
198
199
202
203
207
317
319
322
323
324
325
326
351
355
361
362
363
365
368
369
370
373
374
376
377
378
381
383
385
389
390
407
408
410
412
418
449
90
151
152
162
169
170
174
177
179
183
185
188
192
194
197
198
199
201
204
205
206
207
324
327
329
355
356
357
358
366
367
368
372
374
375
377
378
383
385
410
416
419
439
443
448
449
450
155
159
168
169
173
174
180
183
186
196
199
200
205
206
209
317
324
327
347
348
357
358
359
360
361
363
367
370
371
372
375
376
381
386
387
388
390
412
415
420
436
437
442
446
449
92
93
94
95
96
97
98
99
100
101
102
103
104
105
128
143
170
171
175
198
199
206
208
211
212
216
218
222
224
237
238
257
258
263
266
268
270
286
332
334
436
438
440
446
450
93
94
95
96
97
98
99
100
101
102
103
104
105
123
132
137
143
145
146
148
150
167
172
178
199
202
206
214
218
220
221
223
228
230
231
232
235
256
257
261
287
296
297
300
331
335
336
340
341
437
440
441
443
94
95
96
97
98
99
100
101
102
103
104
105
121
123
128
130
133
137
143
144
146
147
168
169
171
173
175
176
177
179
196
199
201
205
208
209
211
213
216
219
220
222
225
227
239
256
299
336
339
341
343
436
437
447
448
95
96
97
98
99
100
101
102
103
104
105
121
126
135
137
139
144
148
173
197
199
202
206
214
217
220
223
228
229
234
239
258
262
263
264
290
291
299
300
332
335
336
338
343
439
447
449
450
96
97
98
99
100
101
102
103
104
105
125
128
129
131
135
139
149
150
166
173
175
177
196
199
200
201
203
209
214
220
222
225
234
237
286
293
298
299
332
338
341
344
438
439
440
442
445
446
97
98
99
100
101
102
103
104
105
125
129
131
133
136
139
146
150
168
176
199
205
209
210
211
214
220
223
230
233
237
261
262
263
267
287
289
340
436
440
441
445
447
448
98
99
100
101
102
103
104
105
123
127
131
136
139
142
143
150
167
172
179
180
197
201
204
209
213
219
220
232
233
235
240
263
265
287
290
299
345
437
438
439
446
449
99
100
101
102
103
104
105
121
123
132
133
140
145
149
150
167
175
202
207
209
216
219
229
232
235
240
259
263
266
269
286
287
288
289
292
293
295
296
298
333
337
342
344
345
439
100
101
102
103
104
105
121
126
129
132
133
149
168
169
172
174
177
178
180
196
198
202
206
212
222
228
231
238
256
262
266
268
269
288
293
296
300
334
339
342
436
101
102
103
104
105
121
128
130
145
149
170
178
199
202
212
214
216
220
221
226
228
234
235
237
260
261
263
266
267
269
291
295
299
335
342
345
436
437
102
103
104
105
125
129
130
132
133
137
143
145
146
148
166
169
178
202
207
215
221
227
230
235
237
256
262
264
266
267
287
289
290
332
340
341
344
436
445
448
103
104
105
123
131
132
137
141
149
166
167
175
179
198
199
208
210
211
219
224
234
236
237
256
257
263
266
267
268
269
287
289
292
293
295
299
332
335
340
344
345
436
439
444
445
104
105
125
128
130
132
133
136
138
139
141
147
148
150
167
169
170
176
198
210
211
212
223
226
228
229
234
235
236
237
256
261
263
289
331
333
440
445
450
105
121
123
129
132
139
147
148
166
172
173
175
179
209
216
218
221
226
227
230
240
262
265
286
288
289
292
293
296
298
299
300
331
332
333
337
344
345
439
443
446
449
121
124
125
130
144
146
149
166
169
172
180
198
199
200
201
207
208
209
215
218
220
230
234
236
240
257
258
259
263
292
296
333
334
335
337
342
344
442
443
446
449
107
108
109
110
111
112
113
114
115
116
117
118
119
120
127
128
135
168
170
177
179
304
307
309
310
317
320
322
323
324
325
327
330
361
362
365
367
368
369
370
374
398
400
404
405
425
427
437
441
442
443
446
448
108
109
110
111
112
113
114
115
116
117
118
119
120
121
123
125
129
130
167
169
173
174
302
311
321
324
325
327
329
361
362
392
393
394
396
399
400
401
422
426
428
429
433
434
436
437
439
440
441
442
443
444
445
447
449
109
110
111
112
113
114
115
116
117
118
119
120
130
134
176
177
319
325
326
328
329
363
366
392
393
395
401
403
423
425
426
428
432
433
434
436
437
439
440
441
442
447
448
450
110
111
112
113
114
115
116
117
118
119
120
128
134
171
179
180
308
310
316
319
321
322
325
330
361
365
372
374
391
394
395
398
400
401
402
403
421
427
436
437
438
439
441
442
443
445
447
448
111
112
113
114
115
116
117
118
119
120
121
122
133
167
171
173
176
177
180
308
311
316
318
319
322
323
325
327
328
329
364
366
393
395
397
400
403
421
430
435
436
437
438
440
441
442
443
444
447
448
112
113
114
115
116
117
118
119
120
123
125
128
129
130
133
301
303
305
315
318
319
322
324
327
329
362
368
375
392
394
396
397
401
423
429
433
434
436
438
439
440
441
442
443
445
446
447
450
113
114
115
116
117
118
119
120
126
127
128
135
169
173
301
302
303
305
312
314
316
318
319
321
322
328
329
369
370
371
374
375
392
397
402
403
405
424
425
430
432
434
437
438
439
440
442
444
445
446
114
115
116
117
118
119
120
121
122
124
133
134
166
167
168
173
301
305
306
308
314
316
318
321
324
327
361
362
365
367
369
370
395
397
399
400
401
402
403
423
424
430
436
438
440
441
442
443
445
448
450
115
116
117
118
119
120
122
131
133
134
167
170
171
177
179
301
308
312
315
317
321
323
324
326
329
370
374
391
393
394
395
398
401
402
403
404
423
427
429
437
438
440
441
443
445
446
447
448
449
450
116
117
118
119
120
126
128
130
134
166
173
178
306
308
310
315
317
319
321
323
324
326
361
368
374
391
392
399
402
422
426
434
436
438
439
441
442
443
445
446
448
450
117
118
119
120
126
128
131
132
134
173
175
176
177
305
310
311
315
316
317
318
319
321
323
328
329
330
362
364
371
372
391
399
400
404
428
431
433
434
436
437
438
439
440
441
442
443
444
445
446
448
449
450
118
119
120
121
125
127
130
172
173
174
175
176
177
178
179
304
305
306
309
311
315
316
317
319
321
322
328
363
365
373
393
394
395
397
398
400
401
403
421
422
424
429
430
433
436
439
440
441
442
443
444
447
448
449
450
119
120
121
123
128
166
167
169
175
177
302
303
306
311
312
320
321
322
323
324
327
329
330
363
365
372
375
391
396
397
399
400
401
404
405
427
436
437
439
440
441
442
445
447
448
449
450
120
121
123
127
133
135
168
169
172
302
305
306
313
316
317
318
319
320
321
324
326
330
366
371
372
393
396
397
399
400
401
403
426
430
431
434
435
438
439
440
441
442
443
444
445
446
447
449
127
168
174
179
305
306
312
314
318
327
328
363
365
367
369
373
393
395
396
397
398
399
401
403
405
425
428
436
438
439
441
443
444
446
447
448
450
122
123
124
125
126
127
128
129
130
131
132
133
134
135
171
175
178
184
189
193
195
196
200
258
259
260
262
286
289
290
291
293
296
297
300
331
332
333
334
335
336
337
341
343
347
348
350
357
358
364
366
367
369
373
374
375
422
423
425
426
123
124
125
126
127
128
129
130
131
132
133
134
135
170
176
178
181
182
183
185
194
200
202
205
210
260
286
287
289
290
291
296
297
335
338
339
340
341
343
345
347
348
350
351
356
357
360
361
363
364
365
372
373
375
421
423
429
430
432
434
435
124
125
126
127
128
129
130
131
132
133
134
135
168
170
171
175
176
180
184
186
194
196
197
209
256
263
264
265
266
286
287
288
289
297
333
334
335
336
338
339
340
342
344
347
348
352
361
362
363
366
370
371
373
423
430
434
125
126
127
128
129
130
131
132
133
134
135
167
170
175
177
183
189
190
199
202
206
208
210
257
261
267
270
288
296
331
334
335
338
341
343
345
347
348
352
361
362
368
370
372
375
424
433
126
127
128
129
130
131
132
133
134
135
168
175
179
183
185
193
194
195
196
198
202
203
204
208
256
258
263
286
290
293
295
296
297
332
333
334
335
337
341
342
345
351
355
356
359
360
362
363
366
369
371
372
373
422
424
428
432
433
127
128
129
130
131
132
133
134
135
173
179
180
181
185
192
202
203
204
205
256
257
258
260
263
264
268
286
287
293
295
296
297
299
300
331
332
333
334
335
336
340
344
351
353
360
361
368
369
371
372
373
374
430
128
129
130
131
132
133
134
135
166
167
168
169
172
179
180
181
186
189
198
201
209
257
268
270
286
288
289
291
292
293
295
297
299
333
334
336
339
343
344
347
357
358
359
362
364
370
373
375
422
433
434
129
130
131
132
133
134
135
166
175
176
178
186
189
191
194
199
209
256
264
265
287
293
295
298
300
331
335
338
339
343
345
351
353
358
360
361
363
369
371
372
421
422
423
426
428
429
433
435
130
131
132
133
134
135
166
168
184
185
195
199
204
207
256
258
260
270
287
291
293
294
297
298
299
300
332
333
334
335
336
342
343
346
348
350
353
358
361
362
363
370
371
375
422
423
424
428
432
131
132
133
134
135
166
169
172
187
194
195
196
198
207
256
262
286
287
292
293
294
299
300
331
333
334
336
337
339
340
342
343
344
345
346
352
356
361
362
366
367
371
375
425
426
427
430
433
435
132
133
134
135
173
176
178
180
182
185
189
190
194
199
200
205
206
256
257
258
261
263
265
288
289
294
331
333
335
336
337
338
339
340
342
343
345
346
359
363
365
366
367
370
371
373
374
425
434
133
134
135
176
181
182
184
187
192
195
196
198
200
202
256
268
288
289
293
295
300
331
334
335
336
337
341
345
353
354
357
365
366
369
373
422
427
428
435
134
135
166
169
176
177
178
183
190
202
207
208
257
260
262
268
286
287
288
290
292
293
294
295
296
300
331
332
333
334
336
337
338
341
343
344
345
348
350
358
361
365
366
367
370
371
372
374
430
431
135
167
173
177
182
189
191
192
196
200
202
203
208
209
210
258
264
266
287
291
296
297
298
299
331
332
333
334
335
336
337
338
340
343
348
354
360
362
363
365
366
368
372
375
432
168
173
176
179
180
187
190
192
201
203
210
257
260
265
266
267
287
290
294
295
296
298
331
333
334
336
337
338
340
342
343
345
349
353
360
363
366
369
371
372
373
375
423
424
429
137
138
139
140
141
142
143
144
145
146
147
148
149
150
151
152
153
155
164
165
192
195
214
217
221
257
258
336
337
339
344
376
388
390
406
408
409
412
413
414
418
426
430
439
444
447
449
138
139
140
141
142
143
144
145
146
147
148
149
150
155
163
165
182
185
189
194
211
218
221
223
259
260
268
337
338
341
378
380
384
390
406
409
413
414
415
421
425
435
440
444
446
448
139
140
141
142
143
144
145
146
147
148
149
150
152
154
155
163
187
194
219
220
224
258
263
265
268
269
336
339
340
343
379
380
381
383
384
389
407
411
415
419
421
427
434
440
444
450
140
141
142
143
144
145
146
147
148
149
150
152
153
155
156
158
183
193
195
211
215
220
222
223
224
256
259
264
266
267
269
331
335
338
339
342
344
381
383
406
407
408
409
410
412
413
414
416
418
419
422
429
430
438
444
448
141
142
143
144
145
146
147
148
149
150
151
156
158
159
160
161
185
190
192
194
195
212
213
214
216
219
220
223
260
263
264
269
331
334
338
342
376
381
388
406
407
411
414
417
418
425
431
435
438
439
440
442
444
446
448
142
143
144
145
146
147
148
149
150
152
156
164
165
186
189
190
213
214
218
219
221
225
259
261
262
264
268
270
333
335
336
377
379
380
387
389
407
408
409
413
416
420
422
425
426
427
428
431
437
440
441
445
446
447
143
144
145
146
147
148
149
150
152
153
154
155
156
157
158
163
183
213
214
223
260
270
333
343
376
378
381
382
383
384
409
410
411
415
418
419
420
424
425
426
427
431
438
442
445
144
145
146
147
148
149
150
154
163
195
218
223
256
259
342
380
381
383
384
387
406
409
411
412
413
416
418
423
426
427
435
440
444
445
450
145
146
147
148
149
150
152
155
157
162
182
189
194
214
215
225
259
260
265
332
335
337
340
341
345
378
384
388
406
410
411
412
416
417
418
419
420
423
428
434
435
438
440
445
446
448
146
147
148
149
150
158
182
184
186
188
195
219
221
224
260
262
335
337
341
342
345
379
382
406
408
411
412
413
418
421
426
428
429
431
436
438
147
148
149
150
154
155
184
218
224
259
261
263
266
332
336
337
340
344
377
409
411
415
416
418
420
423
426
429
431
432
435
437
443
444
445
449
148
149
150
160
165
181
185
190
192
195
217
221
222
224
260
261
266
269
332
383
390
406
408
410
412
415
418
419
431
433
434
436
440
149
150
156
157
158
160
163
181
185
186
187
189
191
194
195
212
214
222
224
256
264
268
269
333
336
337
340
341
342
376
380
384
386
390
406
408
410
413
416
417
420
426
434
439
441
442
449
150
163
181
187
191
194
211
220
223
225
257
258
264
265
268
269
331
338
376
378
386
388
390
406
411
412
413
424
427
433
445
153
155
158
182
185
186
190
191
192
193
194
195
212
218
256
268
269
334
336
337
345
376
378
382
390
406
412
415
417
419
423
425
430
435
442
444
450
152
153
154
155
156
157
158
159
160
161
162
163
164
165
172
176
177
180
184
186
187
188
189
190
191
261
267
275
284
286
293
297
332
333
334
335
343
344
365
366
369
371
375
437
442
443
445
153
154
155
156
157
158
159
160
161
162
163
164
165
168
169
170
176
183
185
193
195
256
259
267
268
275
290
293
295
300
333
335
338
339
342
365
366
372
373
374
438
440
442
447
448
154
155
156
157
158
159
160
161
162
163
164
165
167
169
181
182
183
186
188
191
193
257
259
260
264
265
267
270
272
275
276
280
282
294
296
298
338
339
340
345
364
368
370
371
372
374
441
444
447
155
156
157
158
159
160
161
162
163
164
165
169
171
173
174
178
180
181
188
190
195
258
261
272
277
278
283
284
292
296
299
341
364
366
368
369
371
374
442
156
157
158
159
160
161
162
163
164
165
169
170
174
175
178
183
185
188
189
191
194
260
264
265
272
277
279
286
295
332
336
338
339
362
363
365
368
371
373
374
448
157
158
159
160
161
162
163
164
165
166
170
172
173
177
178
181
184
185
188
190
191
195
257
261
262
263
264
269
273
280
282
283
285
287
292
293
294
296
300
331
335
339
341
361
362
364
365
370
374
436
438
440
445
448
449
158
159
160
161
162
163
164
165
166
181
183
184
189
192
257
259
262
274
276
279
280
282
289
294
295
331
333
337
338
342
363
364
367
369
370
371
372
373
375
436
449
450
159
160
161
162
163
164
165
167
173
174
175
183
186
188
189
191
262
264
270
279
285
289
299
337
339
340
361
362
363
365
371
372
373
374
375
436
437
444
445
447
448
160
161
162
163
164
165
172
178
181
187
188
189
193
194
195
256
257
276
277
279
280
287
293
294
297
331
339
342
343
344
363
364
365
366
367
368
369
371
372
374
375
438
442
443
449
450
161
162
163
164
165
174
176
179
180
181
182
187
188
189
190
191
192
193
195
259
261
263
269
276
278
280
282
286
331
333
337
345
361
362
366
370
372
375
436
450
162
163
164
165
166
170
176
181
184
185
188
191
195
266
267
268
271
274
284
285
288
291
294
297
334
339
340
343
361
364
365
370
372
438
441
443
163
164
165
167
169
170
176
178
181
182
184
185
192
194
195
258
259
263
277
280
281
282
286
288
289
294
295
300
339
341
344
361
362
363
368
372
373
438
439
440
441
450
164
165
174
175
176
181
187
188
190
194
195
257
258
260
264
272
275
276
279
282
284
287
288
289
294
333
337
364
366
370
375
438
442
443
446
449
165
173
175
176
181
182
183
185
186
189
190
191
258
259
260
261
262
264
266
277
280
286
287
292
293
297
298
332
342
364
366
368
369
370
372
375
439
440
445
446
172
173
176
178
182
183
185
187
189
190
191
195
262
267
268
275
276
277
284
289
295
296
297
299
331
332
336
339
361
363
367
374
437
444
450
167
168
169
170
171
172
173
174
175
176
177
178
179
180
212
214
215
217
221
224
227
231
237
272
273
274
277
282
335
336
343
345
391
392
395
401
403
168
169
170
171
172
173
174
175
176
177
178
179
180
211
214
216
217
222
223
224
225
230
232
234
238
240
274
277
279
331
335
339
342
392
399
405
169
170
171
172
173
174
175
176
177
178
179
180
211
212
214
216
217
219
221
222
231
232
236
271
272
274
275
277
278
281
342
343
344
345
395
399
404
170
171
172
173
174
175
176
177
178
179
180
211
213
215
216
218
219
220
221
225
226
228
229
231
234
273
274
275
278
280
283
333
334
337
343
344
345
391
396
398
171
172
173
174
175
176
177
178
179
180
213
214
215
216
221
222
223
225
226
228
229
231
234
240
271
273
275
279
285
337
338
339
340
343
397
398
400
403
172
173
174
175
176
177
178
179
180
220
223
225
228
232
233
271
273
275
279
280
281
282
284
285
333
339
343
345
399
400
173
174
175
176
177
178
179
180
212
216
219
223
230
231
239
275
278
280
281
282
283
284
285
331
334
335
338
343
392
174
175
176
177
178
179
180
211
214
222
224
225
226
233
236
238
271
272
276
279
280
281
282
283
339
340
345
391
394
395
398
401
404
175
176
177
178
179
180
212
214
217
218
221
222
224
232
239
272
273
277
280
282
283
284
285
334
339
344
345
400
402
176
177
178
179
180
211
212
213
216
219
220
222
224
225
232
233
271
272
274
276
278
279
281
283
284
285
344
394
400
401
402
177
178
179
180
211
212
213
216
222
224
225
228
229
232
271
273
279
280
282
285
331
338
344
391
404
178
179
180
211
214
215
220
223
224
225
226
239
240
272
280
281
282
332
343
398
400
403
404
179
180
214
221
223
225
226
230
232
237
240
272
274
275
276
277
278
281
282
283
285
332
337
339
342
395
397
401
180
215
216
218
219
220
223
225
226
228
231
234
235
239
275
279
280
281
283
284
334
340
345
391
394
395
396
397
399
400
401
403
211
215
222
223
224
225
229
236
239
272
273
274
275
278
280
284
285
335
337
339
344
392
398
399
403
404
182
183
184
185
186
187
188
189
190
191
192
193
194
195
198
203
204
207
226
227
234
238
243
245
247
253
255
273
275
279
281
283
286
287
288
289
290
291
294
295
297
298
302
303
310
406
415
416
423
425
426
427
428
431
432
433
434
435
183
184
185
186
187
188
189
190
191
192
193
194
195
198
200
204
210
232
237
238
239
244
245
254
272
273
279
280
281
282
284
285
288
290
291
295
296
297
298
305
309
314
406
407
409
415
416
420
421
423
426
428
429
431
432
433
434
435
184
185
186
187
188
189
190
191
192
193
194
195
197
199
201
205
209
226
227
228
238
247
255
271
272
275
276
288
290
291
293
294
295
298
299
301
305
307
310
311
409
411
417
421
422
425
428
432
434
435
185
186
187
188
189
190
191
192
193
194
195
196
198
200
201
205
207
208
227
228
230
237
241
246
252
254
272
273
277
278
279
281
282
283
288
289
292
295
296
298
299
300
304
305
311
313
314
407
408
414
421
423
424
425
426
427
428
429
430
431
433
435
186
187
188
189
190
191
192
193
194
195
196
200
202
209
210
227
230
232
234
235
239
250
271
273
276
277
279
280
281
282
284
287
288
291
292
293
294
295
297
299
300
306
309
313
314
409
423
427
428
430
431
433
434
187
188
189
190
191
192
193
194
195
198
199
200
204
208
237
243
244
247
248
271
279
280
281
282
290
291
292
293
294
296
297
299
300
302
310
313
406
421
422
423
424
425
426
427
428
429
430
435
188
189
190
191
192
193
194
195
197
198
199
202
203
207
208
209
210
234
238
244
247
249
253
254
255
273
274
275
278
279
281
285
286
288
289
290
291
294
295
297
299
302
303
305
307
414
415
417
419
420
421
422
423
424
425
427
428
429
430
431
432
433
189
190
191
192
193
194
195
196
198
199
201
204
207
208
227
229
231
233
234
235
253
254
272
273
274
282
283
284
288
289
290
291
292
293
294
296
299
300
407
414
415
416
420
421
422
425
428
429
430
433
435
190
191
192
193
194
195
197
200
201
202
203
205
208
210
227
233
235
238
243
246
250
252
254
255
271
275
281
286
287
289
290
292
293
294
296
298
299
300
302
304
305
308
407
409
410
413
414
417
419
424
425
428
429
431
433
434
191
192
193
194
195
200
205
229
235
246
248
252
253
271
272
273
276
277
280
285
286
287
288
289
290
292
293
294
295
296
297
298
300
301
305
306
307
314
410
418
421
423
424
429
430
431
432
434
192
193
194
195
199
201
202
203
204
208
209
210
226
227
228
234
237
238
246
254
274
278
279
280
281
284
285
286
288
290
291
292
296
298
299
300
302
306
307
312
409
414
415
419
421
426
427
428
429
430
433
435
193
194
195
197
199
200
201
203
205
206
210
233
237
243
247
249
271
272
273
275
276
278
279
281
282
283
284
286
288
289
290
291
292
294
296
299
300
305
306
307
308
311
312
406
407
412
420
421
425
426
428
431
432
433
435
194
195
196
198
199
201
206
207
208
210
232
234
243
246
248
253
255
271
273
277
279
281
282
286
288
289
290
291
292
293
296
297
298
300
305
313
314
315
406
409
410
412
415
418
421
427
429
430
431
434
195
198
200
202
203
206
227
231
233
235
237
242
247
252
255
275
277
280
281
283
284
286
287
288
289
290
291
293
294
296
298
299
303
305
308
310
406
413
418
424
425
427
428
430
432
433
434
435
196
198
200
201
202
203
206
209
210
227
228
231
234
243
246
251
252
253
271
273
277
285
287
289
290
292
293
294
295
296
297
298
300
309
315
413
414
415
421
422
423
426
429
430
431
433
434
435
197
198
199
200
201
202
203
204
205
206
207
208
209
210
211
212
215
222
223
225
231
232
237
244
245
247
250
253
261
264
269
270
286
291
293
294
296
299
346
347
348
349
350
351
352
357
358
359
360
367
375
391
401
402
418
423
424
427
429
431
434
198
199
200
201
202
203
204
205
206
207
208
209
210
220
224
233
236
240
241
244
247
255
256
258
270
286
292
293
300
347
349
351
356
357
359
368
375
398
404
409
414
415
199
200
201
202
203
204
205
206
207
208
209
210
211
213
222
223
224
226
230
231
238
239
242
243
244
245
246
257
259
261
262
266
269
292
296
347
348
349
351
352
353
354
355
357
358
361
364
369
375
395
400
404
409
410
414
415
422
424
427
429
430
432
433
435
200
201
202
203
204
205
206
207
208
209
210
215
217
219
222
225
226
233
236
238
243
244
248
249
250
251
252
254
255
259
268
270
296
350
351
356
357
359
360
363
369
373
395
397
398
405
410
417
422
423
429
430
433
201
202
203
204
205
206
207
208
209
210
211
220
221
226
228
237
238
240
241
243
244
247
251
252
253
256
257
269
270
286
287
290
294
346
348
351
352
354
355
356
357
360
365
367
371
373
375
392
393
394
395
396
398
400
404
406
408
409
415
418
419
421
428
431
202
203
204
205
206
207
208
209
210
215
218
220
225
227
232
234
236
237
238
240
242
246
249
253
254
255
266
268
288
298
299
347
348
349
350
354
358
359
360
364
365
368
369
372
394
398
404
407
408
411
414
416
419
420
421
423
426
430
431
203
204
205
206
207
208
209
210
211
225
228
231
234
241
242
243
244
246
247
249
250
253
254
266
269
286
289
294
295
347
349
350
351
352
353
356
357
358
360
362
367
372
373
393
403
408
409
413
420
204
205
206
207
208
209
210
213
215
218
219
225
226
236
237
243
245
246
248
250
251
252
253
259
260
261
263
266
295
297
346
347
348
349
351
352
354
355
356
358
360
365
370
394
395
402
409
420
426
430
431
434
205
206
207
208
209
210
211
216
225
233
235
240
241
242
243
244
247
251
252
253
254
255
256
264
267
270
288
290
291
292
299
349
350
351
354
355
356
357
373
374
375
392
393
398
401
412
414
422
424
433
434
435
206
207
208
209
210
211
213
214
219
236
237
238
239
242
247
249
252
253
254
255
257
263
265
266
267
286
291
292
296
297
299
347
348
352
354
357
359
360
366
372
374
396
399
400
401
407
409
410
421
422
424
433
207
208
209
210
212
213
219
225
230
231
237
240
241
243
245
246
254
257
262
265
266
268
270
286
287
288
346
347
348
350
353
356
357
358
359
360
370
375
393
397
398
399
400
403
411
413
423
424
208
209
210
217
220
221
229
237
239
241
242
244
245
248
250
252
268
269
297
346
347
349
350
352
354
355
356
357
358
360
361
368
370
373
375
397
406
408
411
417
418
419
421
423
424
426
427
430
432
433
209
210
211
216
218
223
228
232
237
243
244
245
247
260
262
287
290
291
294
295
298
346
347
349
350
351
352
353
355
356
357
359
361
364
368
370
375
392
393
394
398
400
403
407
409
410
413
417
432
210
221
224
232
234
237
238
243
244
247
248
252
253
255
256
263
264
269
286
287
293
294
346
347
348
350
352
356
357
360
363
364
366
369
371
374
375
392
402
406
412
417
420
211
212
215
216
228
238
243
246
250
251
252
253
255
256
258
261
266
291
292
293
297
298
348
350
353
355
356
358
359
369
371
372
373
392
394
398
400
402
406
408
411
412
420
422
423
425
431
434
212
213
214
215
216
217
218
219
220
221
222
223
224
225
234
237
241
243
246
247
248
251
252
254
268
271
275
277
279
281
282
362
365
367
368
369
371
372
373
374
375
392
394
396
397
412
413
424
426
427
428
429
433
442
213
214
215
216
217
218
219
220
221
222
223
224
225
228
235
236
237
241
243
245
246
247
248
250
251
252
253
256
259
261
262
263
268
274
276
278
284
362
368
369
392
395
399
405
407
415
416
422
424
427
436
439
445
450
214
215
216
217
218
219
220
221
222
223
224
225
226
227
228
230
232
233
234
236
239
240
241
242
245
246
247
249
252
253
254
255
258
262
264
272
273
280
361
365
366
367
369
371
372
399
401
412
415
417
421
424
426
429
430
438
215
216
217
218
219
220
221
222
223
224
225
229
238
243
244
247
252
253
255
266
267
268
275
279
282
283
364
373
374
396
403
409
411
412
415
418
425
433
438
442
449
450
216
217
218
219
220
221
222
223
224
225
226
227
229
230
231
232
241
242
243
244
247
250
251
254
255
258
261
264
271
276
277
278
284
285
361
363
365
366
368
372
375
395
397
398
406
407
410
414
415
416
417
419
420
426
429
430
432
433
434
436
442
443
448
217
218
219
220
221
222
223
224
225
228
239
241
242
244
246
247
248
250
251
254
255
259
269
274
275
276
279
280
362
366
371
395
397
399
400
402
404
405
406
407
413
414
424
429
437
439
445
447
218
219
220
221
222
223
224
225
226
227
229
230
241
242
243
248
251
255
257
259
261
263
267
270
272
273
281
284
361
363
364
365
366
368
371
373
375
394
397
399
406
417
423
429
434
435
437
438
440
441
443
449
219
220
221
222
223
224
225
233
242
243
244
245
246
247
248
250
251
252
254
255
256
257
259
261
264
269
272
366
368
370
372
373
374
391
393
394
401
424
429
437
439
441
442
443
445
447
448
220
221
222
223
224
225
226
229
241
242
243
245
247
248
249
251
253
254
258
262
272
274
275
278
285
363
364
365
366
370
371
372
373
374
395
396
400
402
407
410
414
418
421
422
423
424
432
441
444
445
450
221
222
223
224
225
226
230
232
243
244
245
246
249
250
252
253
254
255
260
261
270
272
275
280
281
282
364
365
369
373
375
392
393
396
403
409
412
415
424
426
427
434
436
439
441
443
446
222
223
224
225
231
234
243
245
246
248
249
251
253
254
255
267
271
276
278
280
361
362
363
365
366
368
369
370
371
372
392
393
401
407
413
415
424
425
427
428
435
436
439
443
448
223
224
225
230
231
232
234
236
240
241
243
244
245
246
248
249
250
257
260
261
265
269
270
363
364
366
367
371
373
374
375
391
394
396
397
399
403
410
415
421
422
423
425
434
441
444
447
224
225
227
232
236
238
241
245
246
247
248
249
251
254
255
256
257
259
262
266
270
276
285
362
363
364
371
395
396
398
406
407
408
413
415
419
430
432
433
438
447
448
225
231
233
236
238
239
244
245
247
249
250
251
252
254
255
256
258
262
275
276
364
367
368
369
375
392
393
395
400
407
410
413
414
416
419
422
427
432
436
438
446
236
239
240
241
242
246
247
248
249
251
253
254
255
257
258
262
267
269
271
272
280
281
283
361
364
366
370
371
373
391
398
402
410
411
412
418
427
440
449
227
228
229
230
231
232
233
234
235
236
237
238
239
240
276
280
317
318
324
334
337
343
344
349
350
352
391
395
436
437
442
445
228
229
230
231
232
233
234
235
236
237
238
239
240
271
273
274
277
280
322
324
327
330
332
336
339
342
344
345
346
350
352
354
356
357
399
403
440
446
447
448
229
230
231
232
233
234
235
236
237
238
239
240
277
279
281
282
283
285
318
319
320
321
323
328
343
347
352
355
360
391
436
439
441
442
230
231
232
233
234
235
236
237
238
239
240
275
282
283
320
327
329
330
332
338
340
343
350
356
359
392
394
400
437
443
447
231
232
233
234
235
236
237
238
239
240
276
278
282
320
322
327
329
330
332
338
339
340
344
346
348
354
355
394
395
401
402
441
443
445
232
233
234
235
236
237
238
239
240
275
276
279
280
323
324
325
332
333
336
344
352
356
359
360
391
396
398
399
404
444
445
448
233
234
235
236
237
238
239
240
273
278
282
283
316
322
324
329
332
336
346
356
357
401
402
403
405
440
444
445
447
234
235
236
237
238
239
240
276
319
322
334
338
341
345
347
348
349
350
355
391
393
395
400
401
402
403
438
439
440
442
447
449
235
236
237
238
239
240
273
276
280
284
321
326
328
329
339
341
346
355
356
358
395
396
397
402
405
450
236
237
238
239
240
271
283
325
330
331
332
334
337
340
341
343
345
353
354
358
393
394
395
396
437
445
237
238
239
240
271
273
274
276
278
280
285
319
322
334
337
339
343
348
400
403
404
445
446
238
239
240
278
281
316
323
328
334
337
339
349
350
352
353
355
360
395
400
405
440
441
443
447
239
240
271
272
273
278
279
282
284
316
317
319
324
328
329
341
343
345
346
349
357
360
393
399
401
402
403
440
447
450
240
277
282
283
284
317
323
328
336
341
346
349
355
357
392
394
398
438
439
440
441
444
447
448
450
275
283
318
320
325
327
330
333
335
340
344
348
355
393
394
395
396
405
436
437
440
444
448
242
243
244
245
246
247
248
249
250
251
252
253
254
255
275
279
282
321
323
325
327
337
345
351
354
358
361
362
363
375
392
393
394
395
399
403
404
427
437
439
440
443
444
446
447
449
450
243
244
245
246
247
248
249
250
251
252
253
254
255
272
281
285
321
330
331
334
335
336
339
340
342
345
350
351
353
355
364
367
369
393
397
398
400
402
422
424
437
438
440
441
443
444
445
449
244
245
246
247
248
249
250
251
252
253
254
255
271
273
274
276
281
285
317
318
319
332
334
337
338
341
342
343
344
345
346
351
356
363
374
375
394
396
398
399
400
402
424
431
434
435
436
438
439
441
442
443
447
449
245
246
247
248
249
250
251
252
253
254
255
281
322
327
333
335
336
338
343
347
349
351
358
360
362
365
367
370
391
395
399
426
433
435
438
439
442
443
444
445
446
447
448
449
450
246
247
248
249
250
251
252
253
254
255
271
282
284
323
329
330
332
333
336
338
340
341
344
345
346
354
357
365
366
393
394
395
396
402
404
421
425
433
435
437
438
439
440
441
442
443
444
445
446
447
247
248
249
250
251
252
253
254
255
273
282
283
318
325
332
334
336
341
343
345
346
351
354
359
362
371
394
421
425
430
431
433
434
436
437
438
439
441
442
447
448
449
450
248
249
250
251
252
253
254
255
273
276
279
280
281
282
283
319
320
321
329
331
333
334
336
337
339
343
351
361
362
365
366
367
368
372
373
391
392
400
424
431
434
438
439
440
441
443
444
445
446
447
448
449
249
250
251
252
253
254
255
272
277
278
281
323
326
330
331
332
336
340
341
342
343
345
349
354
359
362
395
396
399
403
404
422
423
424
430
437
439
440
442
443
444
447
450
250
251
252
253
254
255
274
278
284
318
324
325
329
331
333
334
335
337
341
347
348
353
354
356
361
362
365
368
371
391
394
395
401
421
425
432
433
436
437
440
442
443
444
445
251
252
253
254
255
271
274
277
279
318
319
320
321
324
327
332
334
335
336
337
338
340
346
347
357
361
363
366
369
375
391
402
421
422
423
424
428
436
437
439
440
441
443
446
447
448
450
252
253
254
255
276
280
282
285
318
328
329
333
334
335
336
337
342
343
344
345
356
362
367
370
372
374
375
392
393
396
400
422
426
436
437
439
443
444
446
447
448
450
253
254
255
278
279
281
283
285
316
317
318
319
324
326
327
329
330
331
332
333
335
337
340
343
348
349
363
364
371
394
397
400
424
425
426
427
428
429
434
436
438
439
441
443
444
445
449
254
255
278
285
318
320
331
333
340
345
351
355
356
359
360
366
368
373
375
391
403
423
426
429
433
436
438
441
442
443
444
445
446
449
450
255
272
277
280
282
285
316
317
319
330
332
335
337
341
346
349
352
353
354
357
360
361
363
369
374
391
395
399
422
423
425
432
440
442
443
444
447
448
449
272
274
279
317
320
322
323
330
331
333
337
341
344
345
349
350
355
356
357
358
360
369
373
399
404
421
423
425
436
438
439
442
445
447
450
257
258
259
260
261
262
263
264
265
266
267
268
269
270
301
302
303
304
307
309
311
313
320
321
323
325
326
327
329
331
332
333
334
338
340
344
369
370
373
374
376
380
386
387
390
401
404
408
409
420
437
445
447
449
450
258
259
260
261
262
263
264
265
266
267
268
269
270
301
304
305
310
313
317
320
326
329
331
333
335
338
339
340
345
364
370
372
377
386
387
397
400
406
419
441
443
449
259
260
261
262
263
264
265
266
267
268
269
270
301
303
307
309
310
314
316
318
319
321
322
324
325
326
329
330
333
334
336
337
338
339
341
343
361
362
364
380
382
386
387
390
395
398
400
403
405
407
408
413
414
419
437
441
448
260
261
262
263
264
265
266
267
268
269
270
302
304
305
306
307
310
312
313
315
316
319
321
322
325
326
327
328
329
330
333
338
339
340
345
362
363
365
380
385
386
395
401
402
404
407
408
416
417
419
420
437
440
444
261
262
263
264
265
266
267
268
269
270
302
303
305
306
311
313
315
317
319
321
322
324
325
332
335
341
344
345
361
365
366
368
373
375
376
379
382
383
384
387
393
402
407
410
412
413
417
440
442
445
447
448
262
263
264
265
266
267
268
269
270
302
303
304
308
309
310
312
315
316
322
323
325
327
329
330
331
332
333
336
337
341
342
345
370
372
380
384
387
390
392
395
397
398
403
419
436
441
442
450
263
264
265
266
267
268
269
270
301
302
305
306
308
312
314
316
318
323
324
325
326
328
329
330
332
337
338
341
361
368
370
372
383
384
385
392
395
399
400
402
413
415
438
442
448
264
265
266
267
268
269
270
302
305
306
310
311
314
316
323
325
327
328
329
331
335
338
339
340
341
342
343
344
363
366
369
376
389
393
395
406
410
438
439
441
442
446
265
266
267
268
269
270
304
307
308
310
311
312
313
314
316
322
324
327
328
330
332
333
334
335
343
344
361
363
366
373
377
380
385
387
391
394
401
403
408
410
413
414
416
418
419
437
446
447
449
266
267
268
269
270
301
302
306
311
316
318
319
320
321
323
328
329
330
334
335
336
345
364
368
375
377
381
382
385
391
399
400
403
404
405
436
439
443
446
448
267
268
269
270
304
306
309
311
313
316
317
319
322
324
325
326
327
328
331
332
334
342
343
345
361
367
373
374
376
383
386
387
389
400
403
404
405
407
410
411
413
415
417
441
445
449
268
269
270
301
304
305
307
308
309
312
316
317
323
325
326
333
336
337
338
341
345
365
370
373
375
378
380
390
391
392
396
399
402
403
405
411
413
414
415
417
438
439
442
445
269
270
303
307
310
312
316
317
321
322
324
325
329
331
332
337
338
339
341
367
369
370
375
376
377
379
386
392
396
406
410
419
420
444
449
270
301
302
303
304
305
306
309
311
313
316
317
322
333
334
337
341
344
345
366
367
370
373
374
376
384
385
386
397
401
406
408
412
417
419
439
442
446
447
312
332
333
335
338
340
343
362
363
370
372
378
391
393
395
403
412
413
414
438
439
442
272
273
274
275
276
277
278
279
280
281
282
283
284
285
351
359
383
385
389
391
398
401
273
274
275
276
277
278
279
280
281
282
283
284
285
346
348
354
358
360
376
379
382
383
389
391
393
394
396
397
404
405
274
275
276
277
278
279
280
281
282
283
284
285
347
353
377
383
386
392
397
398
400
404
275
276
277
278
279
280
281
282
283
284
285
349
359
380
382
386
387
388
392
399
403
276
277
278
279
280
281
282
283
284
285
347
350
352
356
360
377
392
394
404
277
278
279
280
281
282
283
284
285
351
360
377
384
390
394
399
401
278
279
280
281
282
283
284
285
348
350
352
353
357
358
359
360
383
386
389
392
394
396
404
279
280
281
282
283
284
285
348
350
352
377
378
386
389
391
393
394
395
399
400
280
281
282
283
284
285
346
349
350
353
358
360
377
379
385
387
394
398
404
281
282
283
284
285
346
348
353
355
376
378
379
380
382
398
400
402
282
283
284
285
346
351
352
353
360
376
380
382
385
386
389
395
401
283
284
285
350
351
354
357
376
379
383
387
394
399
402
284
285
380
386
387
393
399
403
404
405
285
349
352
353
359
360
377
378
381
389
349
350
355
378
384
389
391
393
396
397
399
405
287
288
289
290
291
292
293
294
295
296
297
298
299
300
359
372
374
375
377
387
390
427
432
434
435
436
438
450
288
289
290
291
292
293
294
295
296
297
298
299
300
358
362
365
370
374
377
384
427
428
431
432
434
440
441
443
446
449
289
290
291
292
293
294
295
296
297
298
299
300
346
355
356
357
365
373
379
386
387
390
422
438
441
442
445
446
447
449
290
291
292
293
294
295
296
297
298
299
300
350
351
358
359
360
361
364
366
369
373
382
383
384
389
421
423
425
431
432
434
435
441
442
443
291
292
293
294
295
296
297
298
299
300
346
348
353
354
360
366
367
368
370
372
373
376
381
382
385
389
423
426
428
429
436
442
443
448
449
292
293
294
295
296
297
298
299
300
361
366
373
374
377
381
390
436
438
439
442
443
450
293
294
295
296
297
298
299
300
351
352
353
355
356
357
360
362
364
369
378
384
389
422
427
428
439
294
295
296
297
298
299
300
348
356
359
360
361
370
374
375
383
385
386
423
426
427
438
439
295
296
297
298
299
300
347
358
361
364
367
369
375
377
381
382
383
385
421
425
429
432
441
442
443
448
449
296
297
298
299
300
347
351
354
356
361
369
376
377
379
381
384
385
386
389
424
428
435
441
442
443
445
297
298
299
300
346
349
354
355
356
370
372
374
377
385
389
421
422
426
431
433
440
441
298
299
300
346
349
351
355
362
365
369
371
380
389
429
431
433
438
443
299
300
347
348
351
365
369
373
375
376
377
389
422
428
430
434
437
445
447
450
300
354
357
359
366
367
370
371
377
385
388
389
421
427
429
431
433
435
436
438
441
443
346
347
348
353
354
355
356
359
362
368
370
380
381
384
390
424
425
433
435
441
443
448
302
303
304
305
306
307
308
309
310
311
312
313
314
315
331
341
343
352
353
357
358
364
372
373
375
392
396
397
406
415
416
417
422
423
425
428
429
430
431
432
433
303
304
305
306
307
308
309
310
311
312
313
314
315
332
334
340
341
343
345
348
349
355
356
359
363
367
371
372
374
399
430
434
304
305
306
307
308
309
310
311
312
313
314
315
331
336
339
340
341
345
346
347
348
353
354
356
373
391
395
402
406
416
421
424
427
428
430
434
305
306
307
308
309
310
311
312
313
314
315
343
347
354
361
362
367
369
370
372
374
391
392
393
397
400
401
403
408
409
411
412
413
415
416
418
421
424
426
427
430
431
432
306
307
308
309
310
311
312
313
314
315
333
337
346
347
355
372
394
395
398
400
402
404
407
409
416
419
422
423
424
425
428
435
307
308
309
310
311
312
313
314
315
332
342
343
345
347
353
354
355
356
358
367
373
395
401
413
416
420
421
422
426
428
429
430
431
435
308
309
310
311
312
313
314
315
335
337
342
343
344
346
349
350
351
352
359
366
367
368
375
391
394
395
396
404
405
408
410
420
422
423
425
427
428
432
433
434
435
309
310
311
312
313
314
315
339
340
341
347
354
359
364
366
370
372
391
394
399
402
405
408
410
419
420
421
422
427
310
311
312
313
314
315
333
336
337
350
356
361
363
373
374
391
395
397
406
410
411
418
421
422
423
427
428
429
435
311
312
313
314
315
331
333
335
342
345
348
350
357
358
363
369
372
391
394
397
398
402
408
416
420
422
423
424
426
429
431
312
313
314
315
338
353
357
371
374
375
395
398
405
408
415
416
421
428
430
434
435
313
314
315
334
336
342
345
349
350
355
361
362
372
373
375
393
397
410
411
415
416
418
424
426
433
434
435
314
315
333
334
338
339
341
343
347
357
362
366
367
368
371
372
393
395
401
404
407
415
420
422
425
429
431
432
434
315
331
332
338
349
352
356
357
358
362
368
369
370
372
391
392
400
405
408
409
412
415
418
421
423
424
429
431
433
434
435
331
333
335
341
348
350
352
361
362
395
399
408
409
413
414
415
422
423
425
430
431
432
433
434
435
317
318
319
320
321
322
323
324
325
326
327
328
329
330
331
335
342
343
345
354
356
377
378
379
381
382
383
384
389
390
407
409
420
439
449
318
319
320
321
322
323
324
325
326
327
328
329
330
332
333
335
336
338
340
341
342
348
350
351
357
359
376
377
379
380
383
384
387
389
407
408
410
413
414
415
439
440
443
446
319
320
321
322
323
324
325
326
327
328
329
330
332
335
337
339
340
341
343
346
347
352
358
359
376
380
386
389
390
410
411
412
413
414
419
439
442
443
450
320
321
322
323
324
325
326
327
328
329
330
331
334
340
342
344
345
350
353
376
378
380
382
385
387
410
415
420
436
439
442
447
321
322
323
324
325
326
327
328
329
330
331
335
336
337
344
347
350
376
378
379
382
384
386
406
411
417
436
437
439
441
449
322
323
324
325
326
327
328
329
330
331
332
335
339
341
343
345
349
350
353
377
378
380
381
386
390
411
413
418
436
438
439
449
323
324
325
326
327
328
329
330
331
332
333
334
335
336
338
339
341
342
344
347
355
358
359
376
380
382
389
411
412
414
416
439
443
444
446
450
324
325
326
327
328
329
330
332
333
334
340
344
345
348
350
351
357
359
378
381
382
383
384
388
389
390
410
412
416
437
445
325
326
327
328
329
330
331
332
335
339
340
341
343
345
353
359
376
378
382
385
389
407
411
412
417
436
439
440
447
326
327
328
329
330
331
332
333
334
335
339
347
348
352
358
359
360
376
377
378
380
384
385
389
418
419
438
439
440
442
449
450
327
328
329
330
336
338
343
348
350
354
355
359
377
379
380
381
383
386
387
389
390
406
409
414
420
438
442
445
328
329
330
331
332
335
337
343
345
348
353
355
359
379
381
382
388
389
406
414
416
417
437
441
445
448
329
330
332
334
339
343
345
346
355
356
384
385
387
390
408
409
416
417
420
437
444
330
331
335
336
338
341
342
347
352
356
358
380
382
383
385
387
388
414
441
333
334
338
339
340
341
342
344
347
351
354
360
376
378
381
382
385
387
390
407
409
412
415
418
437
444
445
446
448
450
332
333
334
335
336
337
338
339
340
341
342
343
344
345
346
347
348
349
350
351
354
355
357
376
377
380
381
382
384
390
391
392
400
401
405
423
425
426
427
431
432
333
334
335
336
337
338
339
340
341
342
343
344
345
348
350
351
352
353
355
357
358
359
360
377
378
382
384
394
399
425
427
429
430
433
334
335
336
337
338
339
340
341
342
343
344
345
346
350
351
352
354
356
357
358
359
360
377
387
391
396
399
403
422
425
426
429
430
434
335
336
337
338
339
340
341
342
343
344
345
348
351
352
357
359
360
377
401
421
422
424
427
428
433
434
336
337
338
339
340
341
342
343
344
345
346
347
350
351
353
355
356
358
385
392
395
396
398
399
400
402
421
422
423
425
427
428
429
434
337
338
339
340
341
342
343
344
345
348
349
351
352
353
355
356
357
359
360
378
379
384
392
402
421
426
427
431
432
434
338
339
340
341
342
343
344
345
346
348
349
350
358
359
360
377
380
381
393
400
403
421
422
427
429
430
431
432
435
339
340
341
342
343
344
345
346
348
352
353
355
381
384
386
389
398
402
427
428
429
431
432
433
340
341
342
343
344
345
346
347
352
358
360
376
379
384
388
393
394
397
398
402
421
422
423
426
430
432
433
435
341
342
343
344
345
350
357
358
376
379
383
387
388
390
393
398
401
424
425
427
428
430
433
434
342
343
344
345
347
352
354
379
380
381
386
388
392
397
398
399
404
421
422
423
425
431
343
344
345
349
352
355
380
381
386
389
392
397
398
402
404
405
425
427
428
432
434
435
344
345
350
351
353
355
356
360
379
381
385
388
393
394
398
400
405
422
423
424
427
429
431
434
435
345
346
348
349
356
358
377
378
379
381
392
394
398
404
405
424
426
429
430
431
432
433
435
346
348
352
353
354
359
360
378
384
387
388
397
422
424
429
431
434
347
348
349
350
351
352
353
354
355
356
357
358
359
360
366
367
368
372
374
378
379
380
381
382
386
387
389
393
394
403
410
413
419
420
348
349
350
351
352
353
354
355
356
357
358
359
360
362
366
369
374
375
376
377
380
381
382
387
388
393
396
404
408
409
411
413
414
416
417
418
349
350
351
352
353
354
355
356
357
358
359
360
377
381
383
385
392
393
397
402
405
406
410
411
412
415
350
351
352
353
354
355
356
357
358
359
360
363
367
371
378
384
386
387
391
398
399
401
405
410
411
412
416
417
420
351
352
353
354
355
356
357
358
359
360
365
371
376
377
380
384
385
389
390
396
397
402
406
407
409
413
414
416
419
352
353
354
355
356
357
358
359
360
363
365
367
370
378
379
383
385
389
406
407
408
409
411
415
416
417
419
420
353
354
355
356
357
358
359
360
364
365
369
370
373
375
376
378
381
383
384
385
387
389
393
397
401
406
409
413
414
415
417
420
354
355
356
357
358
359
360
361
362
364
367
370
372
376
377
379
381
384
390
394
404
407
409
410
412
414
418
420
355
356
357
358
359
360
361
366
374
376
381
382
383
387
391
395
400
402
404
405
406
409
413
414
419
356
357
358
359
360
369
371
372
375
378
379
382
387
390
399
401
404
408
413
414
415
416
357
358
359
360
361
363
365
373
378
381
382
384
385
386
389
392
394
395
401
404
406
408
410
413
420
358
359
360
362
364
372
376
378
380
383
385
386
389
391
393
395
400
401
406
412
413
415
359
360
362
365
376
377
380
385
387
388
389
398
400
402
403
405
406
409
411
412
414
415
417
420
360
361
363
366
367
370
372
376
381
383
387
389
390
391
395
402
403
405
406
409
413
414
417
366
374
375
376
378
383
388
389
391
393
403
408
409
412
416
417
418
420
362
363
364
365
366
367
368
369
370
371
372
373
374
375
378
379
380
387
389
390
391
392
393
394
395
398
399
401
403
439
442
443
444
447
449
363
364
365
366
367
368
369
370
371
372
373
374
375
385
390
394
395
396
398
399
403
405
443
444
445
448
364
365
366
367
368
369
370
371
372
373
374
375
378
379
381
386
393
395
397
398
400
401
404
405
441
442
443
365
366
367
368
369
370
371
372
373
374
375
377
387
388
390
391
392
393
394
395
397
398
400
402
403
404
437
441
444
446
366
367
368
369
370
371
372
373
374
375
378
387
391
392
394
395
396
397
399
400
401
402
403
405
436
438
441
367
368
369
370
371
372
373
374
375
376
377
378
382
383
391
392
393
394
399
403
404
443
447
448
449
368
369
370
371
372
373
374
375
377
382
383
388
391
394
397
402
404
405
438
440
443
448
450
369
370
371
372
373
374
375
383
386
387
388
391
392
393
395
396
397
398
399
400
402
404
437
444
370
371
372
373
374
375
378
380
381
382
385
387
390
392
394
395
396
397
398
400
401
402
403
405
438
440
446
371
372
373
374
375
377
378
379
382
395
396
398
399
400
405
436
437
444
445
372
373
374
375
377
382
387
388
392
394
396
397
398
399
400
401
402
403
404
436
437
442
443
444
373
374
375
381
389
392
393
394
395
397
399
401
402
404
405
436
374
375
378
379
384
391
392
393
395
396
400
401
403
437
438
443
444
375
381
382
385
387
391
393
395
396
397
398
399
402
404
436
439
441
446
447
450
386
392
396
402
405
444
447
377
378
379
380
381
382
383
384
385
386
387
388
389
390
425
435
436
440
441
378
379
380
381
382
383
384
385
386
387
388
389
390
422
424
426
427
429
431
434
438
439
441
444
445
379
380
381
382
383
384
385
386
387
388
389
390
425
436
437
444
380
381
382
383
384
385
386
387
388
389
390
423
425
426
434
435
442
381
382
383
384
385
386
387
388
389
390
421
423
425
428
431
433
445
447
450
382
383
384
385
386
387
388
389
390
422
423
434
440
443
444
447
448
449
383
384
385
386
387
388
389
390
424
427
428
431
436
437
438
443
447
384
385
386
387
388
389
390
422
426
431
440
385
386
387
388
389
390
422
428
438
444
447
448
386
387
388
389
390
421
430
431
432
434
444
446
387
388
389
390
423
431
434
436
437
442
448
388
389
390
421
423
430
436
437
447
389
390
421
424
425
426
434
436
437
440
441
442
444
447
390
424
433
435
437
439
443
450
422
427
429
433
437
439
440
444
449
392
393
394
395
396
397
398
399
400
401
402
403
404
405
414
415
420
421
422
425
429
433
435
436
440
442
443
444
446
447
450
393
394
395
396
397
398
399
400
401
402
403
404
405
406
417
419
421
425
428
431
435
436
439
440
442
444
449
394
395
396
397
398
399
400
401
402
403
404
405
406
411
412
418
419
420
421
422
423
425
426
429
430
434
436
438
439
440
441
443
445
446
448
450
395
396
397
398
399
400
401
402
403
404
405
406
407
408
415
422
423
424
430
433
434
439
444
445
446
450
396
397
398
399
400
401
402
403
404
405
408
411
412
414
421
425
426
432
434
437
444
445
446
448
449
397
398
399
400
401
402
403
404
405
407
408
411
412
414
416
418
420
421
427
430
432
433
434
435
438
439
442
444
445
447
449
398
399
400
401
402
403
404
405
414
417
418
421
422
423
425
428
432
433
435
439
444
450
399
400
401
402
403
404
405
411
415
419
421
423
424
426
428
431
433
435
439
440
441
443
447
450
400
401
402
403
404
405
409
417
419
421
425
428
430
431
433
436
439
441
442
443
445
401
402
403
404
405
411
420
421
422
429
430
433
438
439
440
441
442
443
444
446
447
450
402
403
404
405
407
426
430
431
433
435
440
441
442
443
444
449
403
404
405
409
410
411
417
420
421
422
423
425
431
432
433
434
439
441
442
444
446
448
404
405
409
412
414
418
421
422
424
425
427
428
430
431
433
436
441
445
446
449
405
411
413
415
417
419
421
427
429
436
440
441
442
443
446
449
406
420
423
424
425
428
430
431
432
434
435
436
439
440
442
445
446
447
449
450
407
408
409
410
411
412
413
414
415
416
417
418
419
420
438
445
446
450
408
409
410
411
412
413
414
415
416
417
418
419
420
439
442
409
410
411
412
413
414
415
416
417
418
419
420
436
438
439
441
446
448
450
410
411
412
413
414
415
416
417
418
419
420
436
439
443
447
411
412
413
414
415
416
417
418
419
420
439
440
441
445
449
450
412
413
414
415
416
417
418
419
420
440
445
446
413
414
415
416
417
418
419
420
438
443
444
446
449
414
415
416
417
418
419
420
440
415
416
417
418
419
420
438
442
446
416
417
418
419
420
446
449
417
418
419
420
446
449
418
419
420
436
440
445
419
420
436
440
447
448
449
450
420
436
443
448
449
436
438
441
446
422
423
424
425
426
427
428
429
430
431
432
433
434
435
436
438
439
440
446
423
424
425
426
427
428
429
430
431
432
433
434
435
441
443
444
446
448
424
425
426
427
428
429
430
431
432
433
434
435
445
450
425
426
427
428
429
430
431
432
433
434
435
436
437
442
444
426
427
428
429
430
431
432
433
434
435
439
443
450
427
428
429
430
431
432
433
434
435
443
445
449
428
429
430
431
432
433
434
435
437
447
450
429
430
431
432
433
434
435
439
441
442
443
446
430
431
432
433
434
435
437
440
444
431
432
433
434
435
442
445
448
432
433
434
435
444
433
434
435
446
448
434
435
436
438
439
443
445
435
436
437
439
442
443
445
450
440
444
447
448
449
437
438
439
440
441
442
443
444
445
446
447
448
449
450
438
439
440
441
442
443
444
445
446
447
448
449
450
439
440
441
442
443
444
445
446
447
448
449
450
440
441
442
443
444
445
446
447
448
449
450
441
442
443
444
445
446
447
448
449
450
442
443
444
445
446
447
448
449
450
443
444
445
446
447
448
449
450
444
445
446
447
448
449
450
445
446
447
448
449
450
446
447
448
449
450
447
448
449
450
448
449
450
449
450
450
